customer_id,Recency,Frequency,Monetary
3957,529,14,1150.0
3958,461,20,1334.0
3959,472,22,2047.0
3960,461,18,1434.0
3961,477,22,1811.0
3962,450,22,1617.0
3963,448,20,1592.0
3964,451,22,1841.0
3965,447,19,1918.0
3966,458,18,1644.0
3967,449,21,1963.0
3968,454,25,2321.0
3969,460,14,1135.0
3970,449,27,2341.0
3971,477,18,1493.0
3972,521,20,4938.0
3973,471,29,5092.0
3974,446,21,3974.0
3975,446,14,1010.0
3976,447,19,6161.0
3977,455,17,1168.0
3978,447,27,3110.0
3979,467,22,1675.0
3980,447,21,4361.0
3981,465,20,5096.0
3982,451,21,2109.0
3983,445,18,1163.0
3984,475,19,6327.0
3985,451,25,2076.0
3986,450,23,6097.0
3987,474,26,1797.0
3988,451,25,2202.0
3989,462,22,2134.0
3990,464,22,1925.0
3991,456,18,1347.0
3992,453,24,2238.0
3993,448,21,1642.0
3994,465,25,2201.0
3995,455,20,1788.0
3996,470,16,1421.0
3997,467,17,3889.0
3998,452,21,1732.0
3999,460,20,1871.0
4000,444,25,1965.0
4001,458,22,4942.0
4002,478,26,6320.0
4003,445,20,1641.0
4004,451,16,1456.0
4005,444,21,1847.0
4006,447,25,2012.0
4007,490,16,1433.0
4008,468,27,2094.0
4009,451,20,1349.0
4010,468,24,6513.0
4011,446,19,1732.0
4012,457,17,3432.0
4013,484,18,1463.0
4014,453,14,1002.0
4015,453,16,1464.0
4016,451,16,1115.0
4017,447,24,5012.0
4018,457,20,5805.0
4019,445,17,3598.0
4020,449,16,1644.0
4021,445,19,1237.0
4022,479,13,1254.0
4023,485,25,1951.0
4024,480,15,1375.0
4025,450,16,1530.0
4026,486,16,1484.0
4027,463,17,1087.0
4028,484,22,1287.0
4029,444,25,1912.0
4030,507,16,1236.0
4031,481,21,2219.0
4032,463,19,1500.0
4033,475,21,2338.0
4034,468,32,2524.0
4035,453,18,5151.0
4036,447,17,1856.0
4037,462,20,1572.0
4038,492,19,1448.0
4039,505,16,1093.0
4040,448,25,9657.0
4041,452,16,896.0
4042,472,22,2221.0
4043,450,23,1899.0
4044,482,24,8745.0
4045,474,15,1572.0
4046,455,12,928.0
4047,480,18,1836.0
4048,478,21,1762.0
4049,447,22,2069.0
4050,511,14,1004.0
4051,451,26,2093.0
4052,457,21,2145.0
4053,475,17,1843.0
4054,468,20,5315.0
4055,458,18,4128.0
4056,445,23,1976.0
4057,447,22,1680.0
4058,451,16,1402.0
4059,445,22,1664.0
4060,449,18,5033.0
4061,507,18,1284.0
4062,453,22,1405.0
4063,447,27,1774.0
4064,459,18,1525.0
4065,450,29,2857.0
4066,453,18,1392.0
4067,458,21,6528.0
4068,461,26,5827.0
4069,501,19,1145.0
4070,470,28,4964.0
4071,483,19,2016.0
4072,453,22,1848.0
4073,445,26,2536.0
4074,453,24,1798.0
4075,450,28,7416.0
4076,537,17,928.0
4077,472,22,2374.0
4078,449,34,3046.0
4079,461,12,802.0
4080,453,15,4371.0
4081,453,25,4517.0
4082,461,28,2690.0
4083,467,26,4275.0
4084,475,24,2292.0
4085,477,15,1423.0
4086,468,24,1851.0
4087,467,13,1029.0
4088,450,22,1970.0
4089,472,17,1328.0
4090,446,23,1862.0
4091,487,16,1672.0
4092,469,16,1940.0
4093,451,25,1792.0
4094,487,18,1667.0
4095,456,21,1520.0
4096,445,12,3293.0
4097,560,11,3926.0
4098,454,22,1595.0
4099,459,18,6002.0
4100,452,21,1748.0
4101,453,13,943.0
4102,468,26,4085.0
4103,455,23,6375.0
4104,445,18,1845.0
4105,451,26,1958.0
4106,468,22,1952.0
4107,510,20,2083.0
4108,444,26,6864.0
4109,445,16,9685.0
4110,444,22,4467.0
4111,450,26,2341.0
4112,474,10,885.0
4113,460,22,2051.0
4114,447,17,1447.0
4115,455,23,4807.0
4116,457,19,1968.0
4117,462,26,1998.0
4118,451,22,1899.0
4119,451,16,1357.0
4120,445,19,2081.0
4121,507,18,2035.0
4122,446,32,5652.0
